cam0:
  T_cam_imu:
  - [-0.013924099673112143, 0.99989906012874, 0.002826482258461882, 0.08891922905335856]
  - [0.9996709807866048, 0.013859912963344214, 0.021583164406501126, 0.0036114576100256773]
  - [0.02154181100656981, 0.003126078423949812, -0.9997630609360632, -0.04392472227815632]
  - [0.0, 0.0, 0.0, 1.0]
  cam_overlaps: [1]
  camera_model: pinhole
  distortion_coeffs: [-0.12007162998568635, 0.15514120103865858, 0.0004619728819483932,
    -5.0659726649184635e-05]
  distortion_model: radtan
  intrinsics: [1082.3882438659648, 1082.2372950691292, 640.0233956157002, 523.8531262301289]
  resolution: [1280, 1024]
  rostopic: /narrow_stereo/left/image_raw
cam1:
  T_cam_imu:
  - [-0.0005752180095128413, 0.9999940309404979, 0.0034069352233880514, -0.0861325237373463]
  - [0.9999604277826194, 0.0006054374624914581, -0.008875602192524501, 0.0025217614452017487]
  - [-0.008877611899743417, 0.003401694997180378, -0.9999548072178581, -0.0442240133624187]
  - [0.0, 0.0, 0.0, 1.0]
  T_cn_cnm1:
  - [0.9999107307066131, 0.01335833392401171, -0.00029245946079214084, -0.17510490429125905]
  - [-0.013343259048031254, 0.9994482493184472, 0.03041635040997945, 0.001434798511457416]
  - [0.00069860986161158, -0.03040973280152463, 0.9995372729894547, -0.000271912629049726]
  - [0.0, 0.0, 0.0, 1.0]
  cam_overlaps: [0]
  camera_model: pinhole
  distortion_coeffs: [-0.11700769663186408, 0.15624366320940475, -0.0005959187882623413,
    -0.0001502642833480274]
  distortion_model: radtan
  intrinsics: [1085.1947493126727, 1084.6004807400652, 629.0393664561727, 515.2255891344112]
  resolution: [1280, 1024]
  rostopic: /narrow_stereo/right/image_raw
