cam0:
  T_cam_imu:
  - [-0.020034041347592544, 0.9997988601753308, -0.0009361513726876911, 0.09222831068828853]
  - [0.9993202748292741, 0.020053415191508075, 0.030932973576772414, 0.00671498896220215]
  - [0.030945524756049288, -0.0003158025753950168, -0.9995210226735136, -0.05235958428926089]
  - [0.0, 0.0, 0.0, 1.0]
  cam_overlaps: [1]
  camera_model: pinhole
  distortion_coeffs: [-0.12136390967970517, 0.1570984588348259, 0.0010538710468824023,
    -0.0004106491806005609]
  distortion_model: radtan
  intrinsics: [542.9662497589997, 542.3549734317938, 320.32261695057423, 264.23865876665405]
  resolution: [640, 512]
  rostopic: /narrow_stereo/left/image_raw
cam1:
  T_cam_imu:
  - [-0.006958048634671104, 0.9999749071172709, 0.0013306746422500127, -0.08299153895848292]
  - [0.9999747363413268, 0.0069561010900456135, 0.0014626471617179646, 0.005454803402043844]
  - [0.0014533541523548098, 0.0013408181946266426, -0.9999980449822277, -0.05272590996919027]
  - [0.0, 0.0, 0.0, 1.0]
  T_cn_cnm1:
  - [0.9999119244609281, 0.013140754643185504, -0.0018611523965434698, -0.17539741577675622]
  - [-0.01308020253246645, 0.9994797659522198, 0.029480599617344467, 0.0014932647293226286]
  - [0.0022475814880042006, -0.029453658847350548, 0.9995636199652081, -0.00039868400685949047]
  - [0.0, 0.0, 0.0, 1.0]
  cam_overlaps: [0]
  camera_model: pinhole
  distortion_coeffs: [-0.11798516786781775, 0.15373975132046688, -0.0001752120417962029,
    -0.0005089659261014528]
  distortion_model: radtan
  intrinsics: [544.3620794990212, 543.7101704030111, 315.6606682255931, 260.309676131735]
  resolution: [640, 512]
  rostopic: /narrow_stereo/right/image_raw
