cam0:
  T_cam_imu:
  - [-0.01747329821701615, 0.9998472735297619, 0.00033684494916154904, 0.09584790017518681]
  - [0.9994447473760282, 0.017456702349057166, 0.028380635749793957, 0.005357069613151252]
  - [0.02837042107345749, 0.0008325612271643124, -0.9995971318735947, -0.04312415559289006]
  - [0.0, 0.0, 0.0, 1.0]
  cam_overlaps: [1]
  camera_model: pinhole
  distortion_coeffs: [-0.11986128123185538, 0.15660443800615195, -0.0009477078078118686,
    -0.00014069059843880476]
  distortion_model: radtan
  intrinsics: [1081.7987465979957, 1081.4175007875037, 636.2356072014574, 526.2989632817118]
  resolution: [1280, 1024]
  rostopic: /narrow_stereo/left/image_raw
cam1:
  T_cam_imu:
  - [-0.004792532649057752, 0.9999805776745146, 0.003984457874220649, -0.07877701244793045]
  - [0.9999597671781398, 0.00482257002655319, -0.007563520567758231, 0.0038514611937601217]
  - [-0.00758258899371623, 0.003948049148973985, -0.9999634579583743, -0.04337744733504478]
  - [0.0, 0.0, 0.0, 1.0]
  T_cn_cnm1:
  - [0.9999129376672814, 0.012779573164161822, -0.0032862737755150135, -0.17482674672602483]
  - [-0.012653309458167065, 0.9992740655408393, 0.03593376820257781, 0.0012606870148801292]
  - [0.0037431063759480092, -0.035889057485848905, 0.9993487703036583, -0.0004478841798713232]
  - [0.0, 0.0, 0.0, 1.0]
  cam_overlaps: [0]
  camera_model: pinhole
  distortion_coeffs: [-0.11567621326059618, 0.15362342533155354, 0.0004049479475231466,
    -1.2742236487488432e-05]
  distortion_model: radtan
  intrinsics: [1084.3265795732475, 1083.4848788688453, 628.4838212106126, 519.9632861931977]
  resolution: [1280, 1024]
  rostopic: /narrow_stereo/right/image_raw
